Table of Wavelength Versus Ozone Absorption Coefficients From <https://www.arm.gov/publications/tech_reports/doe-sc-arm-tr-129.pdf>
Multiply the appropriate coefficient by the columnar amount of ozone in atm-cm to find the ozone optical depth, tozone. Note that one atm-cm is equal to DU/1000; recall that DU stands for Dobson Unit.
3.800000000000000000e+02 0.000000000000000000e+00
3.810000000000000000e+02 0.000000000000000000e+00
3.820000000000000000e+02 0.000000000000000000e+00
3.830000000000000000e+02 0.000000000000000000e+00
3.840000000000000000e+02 0.000000000000000000e+00
3.850000000000000000e+02 0.000000000000000000e+00
3.860000000000000000e+02 0.000000000000000000e+00
3.870000000000000000e+02 0.000000000000000000e+00
3.880000000000000000e+02 0.000000000000000000e+00
3.890000000000000000e+02 0.000000000000000000e+00
3.900000000000000000e+02 0.000000000000000000e+00
3.910000000000000000e+02 0.000000000000000000e+00
3.920000000000000000e+02 0.000000000000000000e+00
3.930000000000000000e+02 0.000000000000000000e+00
3.940000000000000000e+02 0.000000000000000000e+00
3.950000000000000000e+02 0.000000000000000000e+00
3.960000000000000000e+02 0.000000000000000000e+00
3.970000000000000000e+02 0.000000000000000000e+00
3.980000000000000000e+02 0.000000000000000000e+00
3.990000000000000000e+02 0.000000000000000000e+00
4.000000000000000000e+02 0.000000000000000000e+00
4.010000000000000000e+02 0.000000000000000000e+00
4.020000000000000000e+02 0.000000000000000000e+00
4.030000000000000000e+02 0.000000000000000000e+00
4.040000000000000000e+02 0.000000000000000000e+00
4.050000000000000000e+02 0.000000000000000000e+00
4.060000000000000000e+02 0.000000000000000000e+00
4.070000000000000000e+02 1.000000000000000048e-04
4.080000000000000000e+02 2.000000000000000096e-04
4.090000000000000000e+02 2.000000000000000096e-04
4.100000000000000000e+02 2.999999999999999737e-04
4.110000000000000000e+02 2.999999999999999737e-04
4.120000000000000000e+02 2.999999999999999737e-04
4.130000000000000000e+02 2.999999999999999737e-04
4.140000000000000000e+02 2.999999999999999737e-04
4.150000000000000000e+02 2.999999999999999737e-04
4.160000000000000000e+02 4.000000000000000192e-04
4.170000000000000000e+02 5.000000000000000104e-04
4.180000000000000000e+02 5.000000000000000104e-04
4.190000000000000000e+02 5.000000000000000104e-04
4.200000000000000000e+02 5.000000000000000104e-04
4.210000000000000000e+02 5.999999999999999474e-04
4.220000000000000000e+02 6.999999999999999929e-04
4.230000000000000000e+02 8.000000000000000383e-04
4.240000000000000000e+02 1.000000000000000021e-03
4.250000000000000000e+02 1.199999999999999895e-03
4.260000000000000000e+02 1.299999999999999940e-03
4.270000000000000000e+02 1.299999999999999940e-03
4.280000000000000000e+02 1.299999999999999940e-03
4.290000000000000000e+02 1.199999999999999895e-03
4.300000000000000000e+02 1.199999999999999895e-03
4.310000000000000000e+02 1.299999999999999940e-03
4.320000000000000000e+02 1.500000000000000031e-03
4.330000000000000000e+02 1.699999999999999905e-03
4.340000000000000000e+02 1.699999999999999905e-03
4.350000000000000000e+02 1.699999999999999905e-03
4.360000000000000000e+02 1.699999999999999905e-03
4.370000000000000000e+02 1.799999999999999951e-03
4.380000000000000000e+02 2.099999999999999870e-03
4.390000000000000000e+02 2.399999999999999790e-03
4.400000000000000000e+02 2.899999999999999800e-03
4.410000000000000000e+02 3.299999999999999982e-03
4.420000000000000000e+02 3.700000000000000164e-03
4.430000000000000000e+02 3.899999999999999821e-03
4.440000000000000000e+02 4.000000000000000083e-03
4.450000000000000000e+02 3.799999999999999992e-03
4.460000000000000000e+02 3.599999999999999901e-03
4.470000000000000000e+02 3.500000000000000073e-03
4.480000000000000000e+02 3.500000000000000073e-03
4.490000000000000000e+02 3.799999999999999992e-03
4.500000000000000000e+02 4.199999999999999740e-03
4.510000000000000000e+02 4.499999999999999660e-03
4.520000000000000000e+02 4.599999999999999922e-03
4.530000000000000000e+02 4.599999999999999922e-03
4.540000000000000000e+02 4.599999999999999922e-03
4.550000000000000000e+02 4.700000000000000185e-03
4.560000000000000000e+02 5.199999999999999761e-03
4.570000000000000000e+02 5.899999999999999863e-03
4.580000000000000000e+02 6.899999999999999883e-03
4.590000000000000000e+02 7.799999999999999642e-03
4.600000000000000000e+02 8.699999999999999400e-03
4.610000000000000000e+02 9.499999999999999764e-03
4.620000000000000000e+02 9.799999999999999684e-03
4.630000000000000000e+02 9.700000000000000289e-03
4.640000000000000000e+02 9.199999999999999845e-03
4.650000000000000000e+02 8.699999999999999400e-03
4.660000000000000000e+02 8.399999999999999481e-03
4.670000000000000000e+02 8.600000000000000006e-03
4.680000000000000000e+02 9.199999999999999845e-03
4.690000000000000000e+02 9.599999999999999159e-03
4.700000000000000000e+02 1.009999999999999960e-02
4.710000000000000000e+02 1.039999999999999952e-02
4.720000000000000000e+02 1.050000000000000065e-02
4.730000000000000000e+02 1.050000000000000065e-02
4.740000000000000000e+02 1.080000000000000057e-02
4.750000000000000000e+02 1.149999999999999981e-02
4.760000000000000000e+02 1.269999999999999948e-02
4.770000000000000000e+02 1.409999999999999969e-02
4.780000000000000000e+02 1.580000000000000154e-02
4.790000000000000000e+02 1.739999999999999880e-02
4.800000000000000000e+02 1.930000000000000118e-02
4.810000000000000000e+02 2.060000000000000026e-02
4.820000000000000000e+02 2.149999999999999828e-02
4.830000000000000000e+02 2.179999999999999993e-02
4.840000000000000000e+02 2.129999999999999949e-02
4.850000000000000000e+02 2.050000000000000086e-02
4.860000000000000000e+02 2.000000000000000042e-02
4.870000000000000000e+02 1.959999999999999937e-02
4.880000000000000000e+02 1.969999999999999876e-02
4.890000000000000000e+02 2.029999999999999860e-02
4.900000000000000000e+02 2.129999999999999949e-02
4.910000000000000000e+02 2.189999999999999933e-02
4.920000000000000000e+02 2.230000000000000038e-02
4.930000000000000000e+02 2.249999999999999917e-02
4.940000000000000000e+02 2.299999999999999961e-02
4.950000000000000000e+02 2.340000000000000066e-02
4.960000000000000000e+02 2.440000000000000155e-02
4.970000000000000000e+02 2.570000000000000062e-02
4.980000000000000000e+02 2.740000000000000074e-02
4.990000000000000000e+02 2.949999999999999845e-02
5.000000000000000000e+02 3.200000000000000067e-02
5.010000000000000000e+02 3.459999999999999881e-02
5.020000000000000000e+02 3.719999999999999696e-02
5.030000000000000000e+02 3.960000000000000325e-02
5.040000000000000000e+02 4.139999999999999930e-02
5.050000000000000000e+02 4.270000000000000184e-02
5.060000000000000000e+02 4.309999999999999942e-02
5.070000000000000000e+02 4.290000000000000063e-02
5.080000000000000000e+02 4.229999999999999732e-02
5.090000000000000000e+02 4.150000000000000216e-02
5.100000000000000000e+02 4.089999999999999886e-02
5.110000000000000000e+02 4.050000000000000128e-02
5.120000000000000000e+02 4.100000000000000172e-02
5.130000000000000000e+02 4.179999999999999688e-02
5.140000000000000000e+02 4.279999999999999777e-02
5.150000000000000000e+02 4.370000000000000273e-02
5.160000000000000000e+02 4.460000000000000075e-02
5.170000000000000000e+02 4.549999999999999878e-02
5.180000000000000000e+02 4.630000000000000088e-02
5.190000000000000000e+02 4.710000000000000298e-02
5.200000000000000000e+02 4.809999999999999692e-02
5.210000000000000000e+02 4.959999999999999826e-02
5.220000000000000000e+02 5.109999999999999959e-02
5.230000000000000000e+02 5.310000000000000137e-02
5.240000000000000000e+02 5.539999999999999786e-02
5.250000000000000000e+02 5.800000000000000294e-02
5.260000000000000000e+02 6.049999999999999822e-02
5.270000000000000000e+02 6.329999999999999516e-02
5.280000000000000000e+02 6.590000000000000024e-02
5.290000000000000000e+02 6.840000000000000246e-02
5.300000000000000000e+02 7.059999999999999609e-02
5.310000000000000000e+02 7.249999999999999500e-02
5.320000000000000000e+02 7.399999999999999634e-02
5.330000000000000000e+02 7.489999999999999436e-02
5.340000000000000000e+02 7.539999999999999480e-02
5.350000000000000000e+02 7.549999999999999767e-02
5.360000000000000000e+02 7.530000000000000582e-02
5.370000000000000000e+02 7.530000000000000582e-02
5.380000000000000000e+02 7.570000000000000340e-02
5.390000000000000000e+02 7.639999999999999569e-02
5.400000000000000000e+02 7.739999999999999658e-02
5.410000000000000000e+02 7.870000000000000606e-02
5.420000000000000000e+02 8.029999999999999638e-02
5.430000000000000000e+02 8.190000000000000058e-02
5.440000000000000000e+02 8.329999999999999905e-02
5.450000000000000000e+02 8.459999999999999465e-02
5.460000000000000000e+02 8.559999999999999554e-02
5.470000000000000000e+02 8.659999999999999643e-02
5.480000000000000000e+02 8.749999999999999445e-02
5.490000000000000000e+02 8.820000000000000062e-02
5.500000000000000000e+02 8.899999999999999578e-02
5.510000000000000000e+02 8.989999999999999380e-02
5.520000000000000000e+02 9.080000000000000571e-02
5.530000000000000000e+02 9.180000000000000659e-02
5.540000000000000000e+02 9.310000000000000220e-02
5.550000000000000000e+02 9.439999999999999780e-02
5.560000000000000000e+02 9.619999999999999385e-02
5.570000000000000000e+02 9.810000000000000664e-02
5.580000000000000000e+02 1.001999999999999974e-01
5.590000000000000000e+02 1.026999999999999996e-01
5.600000000000000000e+02 1.052000000000000018e-01
5.610000000000000000e+02 1.078000000000000069e-01
5.620000000000000000e+02 1.103999999999999981e-01
5.630000000000000000e+02 1.127999999999999975e-01
5.640000000000000000e+02 1.147999999999999993e-01
5.650000000000000000e+02 1.165999999999999953e-01
5.660000000000000000e+02 1.184000000000000052e-01
5.670000000000000000e+02 1.199000000000000066e-01
5.680000000000000000e+02 1.213000000000000050e-01
5.690000000000000000e+02 1.228999999999999954e-01
5.700000000000000000e+02 1.243999999999999967e-01
5.710000000000000000e+02 1.257000000000000062e-01
5.720000000000000000e+02 1.267999999999999960e-01
5.730000000000000000e+02 1.275000000000000022e-01
5.740000000000000000e+02 1.279000000000000137e-01
5.750000000000000000e+02 1.277999999999999969e-01
5.760000000000000000e+02 1.272999999999999965e-01
5.770000000000000000e+02 1.264000000000000123e-01
5.780000000000000000e+02 1.254000000000000115e-01
5.790000000000000000e+02 1.242999999999999938e-01
5.800000000000000000e+02 1.231000000000000011e-01
5.810000000000000000e+02 1.218999999999999945e-01
5.820000000000000000e+02 1.208000000000000046e-01
5.830000000000000000e+02 1.197000000000000008e-01
5.840000000000000000e+02 1.189999999999999947e-01
5.850000000000000000e+02 1.184000000000000052e-01
5.860000000000000000e+02 1.179999999999999938e-01
5.870000000000000000e+02 1.179000000000000048e-01
5.880000000000000000e+02 1.178000000000000019e-01
5.890000000000000000e+02 1.179999999999999938e-01
5.900000000000000000e+02 1.184999999999999942e-01
5.910000000000000000e+02 1.195999999999999980e-01
5.920000000000000000e+02 1.208000000000000046e-01
5.930000000000000000e+02 1.226000000000000006e-01
5.940000000000000000e+02 1.247999999999999943e-01
5.950000000000000000e+02 1.270000000000000018e-01
5.960000000000000000e+02 1.295000000000000040e-01
5.970000000000000000e+02 1.318000000000000005e-01
5.980000000000000000e+02 1.340999999999999970e-01
5.990000000000000000e+02 1.360000000000000098e-01
6.000000000000000000e+02 1.375000000000000111e-01
6.010000000000000000e+02 1.383999999999999952e-01
6.020000000000000000e+02 1.390000000000000124e-01
6.030000000000000000e+02 1.388000000000000067e-01
6.040000000000000000e+02 1.381999999999999895e-01
6.050000000000000000e+02 1.370999999999999996e-01
6.060000000000000000e+02 1.355999999999999983e-01
6.070000000000000000e+02 1.337000000000000133e-01
6.080000000000000000e+02 1.317000000000000115e-01
6.090000000000000000e+02 1.293999999999999873e-01
6.100000000000000000e+02 1.270999999999999908e-01
6.110000000000000000e+02 1.247999999999999943e-01
6.120000000000000000e+02 1.223999999999999949e-01
6.130000000000000000e+02 1.203000000000000042e-01
6.140000000000000000e+02 1.180999999999999966e-01
6.150000000000000000e+02 1.161999999999999977e-01
6.160000000000000000e+02 1.141999999999999960e-01
6.170000000000000000e+02 1.123999999999999999e-01
6.180000000000000000e+02 1.107999999999999957e-01
6.190000000000000000e+02 1.092000000000000054e-01
6.200000000000000000e+02 1.078000000000000069e-01
6.210000000000000000e+02 1.064999999999999974e-01
6.220000000000000000e+02 1.052000000000000018e-01
6.230000000000000000e+02 1.039000000000000062e-01
6.240000000000000000e+02 1.026999999999999996e-01
6.250000000000000000e+02 1.014000000000000040e-01
6.260000000000000000e+02 1.000000000000000056e-01
6.270000000000000000e+02 9.869999999999999607e-02
6.280000000000000000e+02 9.729999999999999760e-02
6.290000000000000000e+02 9.569999999999999341e-02
6.300000000000000000e+02 9.429999999999999494e-02
6.310000000000000000e+02 9.289999999999999647e-02
6.320000000000000000e+02 9.160000000000000087e-02
6.330000000000000000e+02 9.009999999999999953e-02
6.340000000000000000e+02 8.859999999999999820e-02
6.350000000000000000e+02 8.699999999999999400e-02
6.360000000000000000e+02 8.550000000000000655e-02
6.370000000000000000e+02 8.390000000000000235e-02
6.380000000000000000e+02 8.229999999999999816e-02
6.390000000000000000e+02 8.069999999999999396e-02
6.400000000000000000e+02 7.900000000000000078e-02
6.410000000000000000e+02 7.749999999999999944e-02
6.420000000000000000e+02 7.610000000000000098e-02
6.430000000000000000e+02 7.470000000000000251e-02
6.440000000000000000e+02 7.340000000000000691e-02
6.450000000000000000e+02 7.199999999999999456e-02
6.460000000000000000e+02 7.080000000000000182e-02
6.470000000000000000e+02 6.959999999999999520e-02
6.480000000000000000e+02 6.829999999999999960e-02
6.490000000000000000e+02 6.729999999999999871e-02
6.500000000000000000e+02 6.619999999999999496e-02
6.510000000000000000e+02 6.519999999999999407e-02
6.520000000000000000e+02 6.410000000000000420e-02
6.530000000000000000e+02 6.300000000000000044e-02
6.540000000000000000e+02 6.189999999999999669e-02
6.550000000000000000e+02 6.079999999999999988e-02
6.560000000000000000e+02 5.970000000000000306e-02
6.570000000000000000e+02 5.859999999999999931e-02
6.580000000000000000e+02 5.750000000000000250e-02
6.590000000000000000e+02 5.650000000000000161e-02
6.600000000000000000e+02 5.550000000000000072e-02
6.610000000000000000e+02 5.460000000000000270e-02
6.620000000000000000e+02 5.360000000000000181e-02
6.630000000000000000e+02 5.260000000000000092e-02
6.640000000000000000e+02 5.160000000000000003e-02
6.650000000000000000e+02 5.050000000000000322e-02
6.660000000000000000e+02 4.939999999999999947e-02
6.670000000000000000e+02 4.819999999999999979e-02
6.680000000000000000e+02 4.710000000000000298e-02
6.690000000000000000e+02 4.599999999999999922e-02
6.700000000000000000e+02 4.499999999999999833e-02
6.710000000000000000e+02 4.399999999999999745e-02
6.720000000000000000e+02 4.290000000000000063e-02
6.730000000000000000e+02 4.189999999999999974e-02
6.740000000000000000e+02 4.089999999999999886e-02
6.750000000000000000e+02 4.009999999999999676e-02
6.760000000000000000e+02 3.919999999999999873e-02
6.770000000000000000e+02 3.830000000000000071e-02
6.780000000000000000e+02 3.749999999999999861e-02
6.790000000000000000e+02 3.679999999999999938e-02
6.800000000000000000e+02 3.610000000000000014e-02
6.810000000000000000e+02 3.549999999999999684e-02
6.820000000000000000e+02 3.500000000000000333e-02
6.830000000000000000e+02 3.450000000000000289e-02
6.840000000000000000e+02 3.389999999999999958e-02
6.850000000000000000e+02 3.330000000000000321e-02
6.860000000000000000e+02 3.269999999999999990e-02
6.870000000000000000e+02 3.200000000000000067e-02
6.880000000000000000e+02 3.109999999999999917e-02
6.890000000000000000e+02 3.030000000000000054e-02
6.900000000000000000e+02 2.949999999999999845e-02
6.910000000000000000e+02 2.869999999999999982e-02
6.920000000000000000e+02 2.790000000000000119e-02
6.930000000000000000e+02 2.730000000000000135e-02
6.940000000000000000e+02 2.649999999999999925e-02
6.950000000000000000e+02 2.580000000000000002e-02
6.960000000000000000e+02 2.510000000000000078e-02
6.970000000000000000e+02 2.440000000000000155e-02
6.980000000000000000e+02 2.369999999999999885e-02
6.990000000000000000e+02 2.319999999999999840e-02
7.000000000000000000e+02 2.259999999999999856e-02
7.010000000000000000e+02 2.210000000000000159e-02
7.020000000000000000e+02 2.170000000000000054e-02
7.030000000000000000e+02 2.120000000000000009e-02
7.040000000000000000e+02 2.079999999999999905e-02
7.050000000000000000e+02 2.050000000000000086e-02
7.060000000000000000e+02 2.019999999999999921e-02
7.070000000000000000e+02 1.990000000000000102e-02
7.080000000000000000e+02 1.959999999999999937e-02
7.090000000000000000e+02 1.930000000000000118e-02
7.100000000000000000e+02 1.909999999999999892e-02
7.110000000000000000e+02 1.890000000000000013e-02
7.120000000000000000e+02 1.870000000000000134e-02
7.130000000000000000e+02 1.849999999999999908e-02
7.140000000000000000e+02 1.849999999999999908e-02
7.150000000000000000e+02 1.830000000000000029e-02
7.160000000000000000e+02 1.810000000000000150e-02
7.170000000000000000e+02 1.770000000000000046e-02
7.180000000000000000e+02 1.729999999999999941e-02
7.190000000000000000e+02 1.679999999999999896e-02
7.200000000000000000e+02 1.619999999999999912e-02
7.210000000000000000e+02 1.559999999999999928e-02
7.220000000000000000e+02 1.510000000000000057e-02
7.230000000000000000e+02 1.469999999999999953e-02
7.240000000000000000e+02 1.430000000000000021e-02
7.250000000000000000e+02 1.400000000000000029e-02
7.260000000000000000e+02 1.359999999999999924e-02
7.270000000000000000e+02 1.340000000000000045e-02
7.280000000000000000e+02 1.299999999999999940e-02
7.290000000000000000e+02 1.260000000000000009e-02
7.300000000000000000e+02 1.230000000000000017e-02
7.310000000000000000e+02 1.200000000000000025e-02
7.320000000000000000e+02 1.179999999999999973e-02
7.330000000000000000e+02 1.159999999999999920e-02
7.340000000000000000e+02 1.149999999999999981e-02
7.350000000000000000e+02 1.140000000000000041e-02
7.360000000000000000e+02 1.140000000000000041e-02
7.370000000000000000e+02 1.129999999999999928e-02
7.380000000000000000e+02 1.119999999999999989e-02
7.390000000000000000e+02 1.119999999999999989e-02
7.400000000000000000e+02 1.119999999999999989e-02
7.410000000000000000e+02 1.129999999999999928e-02
7.420000000000000000e+02 1.149999999999999981e-02
7.430000000000000000e+02 1.159999999999999920e-02
7.440000000000000000e+02 1.170000000000000033e-02
7.450000000000000000e+02 1.179999999999999973e-02
7.460000000000000000e+02 1.200000000000000025e-02
7.470000000000000000e+02 1.190000000000000085e-02
7.480000000000000000e+02 1.179999999999999973e-02
7.490000000000000000e+02 1.159999999999999920e-02
7.500000000000000000e+02 1.110000000000000049e-02
7.510000000000000000e+02 1.060000000000000005e-02
7.520000000000000000e+02 1.009999999999999960e-02
7.530000000000000000e+02 9.599999999999999159e-03
7.540000000000000000e+02 8.999999999999999320e-03
7.550000000000000000e+02 8.600000000000000006e-03
7.560000000000000000e+02 8.200000000000000691e-03
7.570000000000000000e+02 7.900000000000000772e-03
7.580000000000000000e+02 7.700000000000000247e-03
7.590000000000000000e+02 7.499999999999999722e-03
7.600000000000000000e+02 7.300000000000000065e-03
7.610000000000000000e+02 7.199999999999999803e-03
7.620000000000000000e+02 7.000000000000000146e-03
7.630000000000000000e+02 7.000000000000000146e-03
7.640000000000000000e+02 7.000000000000000146e-03
7.650000000000000000e+02 6.899999999999999883e-03
7.660000000000000000e+02 6.799999999999999621e-03
7.670000000000000000e+02 6.700000000000000226e-03
7.680000000000000000e+02 6.700000000000000226e-03
7.690000000000000000e+02 6.799999999999999621e-03
7.700000000000000000e+02 6.799999999999999621e-03
7.710000000000000000e+02 6.899999999999999883e-03
7.720000000000000000e+02 7.100000000000000408e-03
7.730000000000000000e+02 7.199999999999999803e-03
7.740000000000000000e+02 7.499999999999999722e-03
7.750000000000000000e+02 7.900000000000000772e-03
7.760000000000000000e+02 8.099999999999999561e-03
7.770000000000000000e+02 8.300000000000000086e-03
7.780000000000000000e+02 8.399999999999999481e-03
7.790000000000000000e+02 8.500000000000000611e-03
7.800000000000000000e+02 8.399999999999999481e-03
7.810000000000000000e+02 8.200000000000000691e-03
7.820000000000000000e+02 7.900000000000000772e-03
7.830000000000000000e+02 7.499999999999999722e-03
7.840000000000000000e+02 7.100000000000000408e-03
7.850000000000000000e+02 6.700000000000000226e-03
7.860000000000000000e+02 6.300000000000000044e-03
7.870000000000000000e+02 6.100000000000000387e-03
7.880000000000000000e+02 5.799999999999999600e-03
7.890000000000000000e+02 5.599999999999999943e-03
7.900000000000000000e+02 5.400000000000000286e-03
7.910000000000000000e+02 5.199999999999999761e-03
7.920000000000000000e+02 4.899999999999999842e-03
7.930000000000000000e+02 4.700000000000000185e-03
7.940000000000000000e+02 4.599999999999999922e-03
7.950000000000000000e+02 4.400000000000000265e-03
7.960000000000000000e+02 4.300000000000000003e-03
7.970000000000000000e+02 4.199999999999999740e-03
7.980000000000000000e+02 4.199999999999999740e-03
7.990000000000000000e+02 4.100000000000000346e-03
8.000000000000000000e+02 4.000000000000000083e-03
8.010000000000000000e+02 4.000000000000000083e-03
8.020000000000000000e+02 4.000000000000000083e-03
8.030000000000000000e+02 3.899999999999999821e-03
8.040000000000000000e+02 4.000000000000000083e-03
8.050000000000000000e+02 4.000000000000000083e-03
8.060000000000000000e+02 4.100000000000000346e-03
8.070000000000000000e+02 4.199999999999999740e-03
8.080000000000000000e+02 4.400000000000000265e-03
8.090000000000000000e+02 4.599999999999999922e-03
8.100000000000000000e+02 4.799999999999999580e-03
8.110000000000000000e+02 5.000000000000000104e-03
8.120000000000000000e+02 5.199999999999999761e-03
8.130000000000000000e+02 5.400000000000000286e-03
8.140000000000000000e+02 5.599999999999999943e-03
8.150000000000000000e+02 5.700000000000000205e-03
8.160000000000000000e+02 5.700000000000000205e-03
8.170000000000000000e+02 5.700000000000000205e-03
8.180000000000000000e+02 5.599999999999999943e-03
8.190000000000000000e+02 5.499999999999999681e-03
8.200000000000000000e+02 5.000000000000000104e-03
8.250000000000000000e+02 3.700000000000000164e-03
8.260000000000000000e+02 3.399999999999999811e-03
8.270000000000000000e+02 3.099999999999999891e-03
8.280000000000000000e+02 2.899999999999999800e-03
8.290000000000000000e+02 2.700000000000000143e-03
8.300000000000000000e+02 2.500000000000000052e-03
8.310000000000000000e+02 2.399999999999999790e-03
8.320000000000000000e+02 2.299999999999999961e-03
8.330000000000000000e+02 2.200000000000000133e-03
8.340000000000000000e+02 2.099999999999999870e-03
8.350000000000000000e+02 2.099999999999999870e-03
8.360000000000000000e+02 2.000000000000000042e-03
8.370000000000000000e+02 2.000000000000000042e-03
8.380000000000000000e+02 2.000000000000000042e-03
8.390000000000000000e+02 2.000000000000000042e-03
8.400000000000000000e+02 2.000000000000000042e-03
8.410000000000000000e+02 2.000000000000000042e-03
8.420000000000000000e+02 2.099999999999999870e-03
8.430000000000000000e+02 2.099999999999999870e-03
8.440000000000000000e+02 2.200000000000000133e-03
8.450000000000000000e+02 2.299999999999999961e-03
8.460000000000000000e+02 2.399999999999999790e-03
8.470000000000000000e+02 2.599999999999999881e-03
8.480000000000000000e+02 2.799999999999999972e-03
8.490000000000000000e+02 3.000000000000000062e-03
8.500000000000000000e+02 3.200000000000000153e-03
8.510000000000000000e+02 3.500000000000000073e-03
8.520000000000000000e+02 3.700000000000000164e-03
8.530000000000000000e+02 3.799999999999999992e-03
8.540000000000000000e+02 3.799999999999999992e-03
8.550000000000000000e+02 3.700000000000000164e-03
8.560000000000000000e+02 3.599999999999999901e-03
8.570000000000000000e+02 3.500000000000000073e-03
8.580000000000000000e+02 3.299999999999999982e-03
8.590000000000000000e+02 3.200000000000000153e-03
8.600000000000000000e+02 2.899999999999999800e-03
8.610000000000000000e+02 2.700000000000000143e-03
8.620000000000000000e+02 2.500000000000000052e-03
8.630000000000000000e+02 2.299999999999999961e-03
8.640000000000000000e+02 2.099999999999999870e-03
8.650000000000000000e+02 1.899999999999999996e-03
8.660000000000000000e+02 1.699999999999999905e-03
8.670000000000000000e+02 1.600000000000000077e-03
8.680000000000000000e+02 1.500000000000000031e-03
8.690000000000000000e+02 1.399999999999999986e-03
8.700000000000000000e+02 1.299999999999999940e-03
8.710000000000000000e+02 1.299999999999999940e-03
8.720000000000000000e+02 1.199999999999999895e-03
8.730000000000000000e+02 1.100000000000000066e-03
8.740000000000000000e+02 1.100000000000000066e-03
8.750000000000000000e+02 1.100000000000000066e-03
8.760000000000000000e+02 1.000000000000000021e-03
8.770000000000000000e+02 1.000000000000000021e-03
8.780000000000000000e+02 1.000000000000000021e-03
8.790000000000000000e+02 1.000000000000000021e-03
8.800000000000000000e+02 1.100000000000000066e-03
8.810000000000000000e+02 1.100000000000000066e-03
8.820000000000000000e+02 1.100000000000000066e-03
8.830000000000000000e+02 1.100000000000000066e-03
8.840000000000000000e+02 1.199999999999999895e-03
8.850000000000000000e+02 1.199999999999999895e-03
8.860000000000000000e+02 1.299999999999999940e-03
8.870000000000000000e+02 1.299999999999999940e-03
8.880000000000000000e+02 1.299999999999999940e-03
8.890000000000000000e+02 1.399999999999999986e-03
8.900000000000000000e+02 1.399999999999999986e-03
8.910000000000000000e+02 1.299999999999999940e-03
8.920000000000000000e+02 1.299999999999999940e-03
8.930000000000000000e+02 1.399999999999999986e-03
8.940000000000000000e+02 1.399999999999999986e-03
8.950000000000000000e+02 1.500000000000000031e-03
8.960000000000000000e+02 1.600000000000000077e-03
8.970000000000000000e+02 1.600000000000000077e-03
8.980000000000000000e+02 1.699999999999999905e-03
8.990000000000000000e+02 1.699999999999999905e-03
9.000000000000000000e+02 1.600000000000000077e-03
9.010000000000000000e+02 1.500000000000000031e-03
9.020000000000000000e+02 1.399999999999999986e-03
9.030000000000000000e+02 1.399999999999999986e-03
9.040000000000000000e+02 1.299999999999999940e-03
9.050000000000000000e+02 1.199999999999999895e-03
9.060000000000000000e+02 1.100000000000000066e-03
9.070000000000000000e+02 1.000000000000000021e-03
9.080000000000000000e+02 8.999999999999999754e-04
9.090000000000000000e+02 8.999999999999999754e-04
9.100000000000000000e+02 8.000000000000000383e-04
9.110000000000000000e+02 6.999999999999999929e-04
9.120000000000000000e+02 6.999999999999999929e-04
9.130000000000000000e+02 5.999999999999999474e-04
9.140000000000000000e+02 5.999999999999999474e-04
9.150000000000000000e+02 5.000000000000000104e-04
9.160000000000000000e+02 5.000000000000000104e-04
9.170000000000000000e+02 5.000000000000000104e-04
9.180000000000000000e+02 5.000000000000000104e-04
9.190000000000000000e+02 0.000000000000000000e+00
9.200000000000000000e+02 5.000000000000000104e-04
9.210000000000000000e+02 4.000000000000000192e-04
9.220000000000000000e+02 4.000000000000000192e-04
9.230000000000000000e+02 4.000000000000000192e-04
9.240000000000000000e+02 4.000000000000000192e-04
9.250000000000000000e+02 4.000000000000000192e-04
9.260000000000000000e+02 4.000000000000000192e-04
9.270000000000000000e+02 4.000000000000000192e-04
9.280000000000000000e+02 4.000000000000000192e-04
9.290000000000000000e+02 4.000000000000000192e-04
9.300000000000000000e+02 4.000000000000000192e-04
9.310000000000000000e+02 4.000000000000000192e-04
9.320000000000000000e+02 4.000000000000000192e-04
9.330000000000000000e+02 4.000000000000000192e-04
9.340000000000000000e+02 4.000000000000000192e-04
9.350000000000000000e+02 5.000000000000000104e-04
9.360000000000000000e+02 5.000000000000000104e-04
9.370000000000000000e+02 5.000000000000000104e-04
9.380000000000000000e+02 5.999999999999999474e-04
9.390000000000000000e+02 6.999999999999999929e-04
9.400000000000000000e+02 8.000000000000000383e-04
9.410000000000000000e+02 8.999999999999999754e-04
9.420000000000000000e+02 1.000000000000000021e-03
9.430000000000000000e+02 1.100000000000000066e-03
9.440000000000000000e+02 1.100000000000000066e-03
9.450000000000000000e+02 1.100000000000000066e-03
9.460000000000000000e+02 1.000000000000000021e-03
9.470000000000000000e+02 8.999999999999999754e-04
9.480000000000000000e+02 8.000000000000000383e-04
9.490000000000000000e+02 6.999999999999999929e-04
9.500000000000000000e+02 6.999999999999999929e-04
9.510000000000000000e+02 5.999999999999999474e-04
9.520000000000000000e+02 5.000000000000000104e-04
9.530000000000000000e+02 5.000000000000000104e-04
9.540000000000000000e+02 4.000000000000000192e-04
9.550000000000000000e+02 4.000000000000000192e-04
9.560000000000000000e+02 4.000000000000000192e-04
9.570000000000000000e+02 4.000000000000000192e-04
9.580000000000000000e+02 2.999999999999999737e-04
9.590000000000000000e+02 2.999999999999999737e-04
9.600000000000000000e+02 2.999999999999999737e-04
9.610000000000000000e+02 0.000000000000000000e+00
9.620000000000000000e+02 0.000000000000000000e+00
9.630000000000000000e+02 0.000000000000000000e+00
9.640000000000000000e+02 0.000000000000000000e+00
9.650000000000000000e+02 0.000000000000000000e+00
9.660000000000000000e+02 0.000000000000000000e+00
9.670000000000000000e+02 0.000000000000000000e+00
9.680000000000000000e+02 0.000000000000000000e+00
9.690000000000000000e+02 0.000000000000000000e+00
9.700000000000000000e+02 0.000000000000000000e+00
9.710000000000000000e+02 0.000000000000000000e+00
9.720000000000000000e+02 0.000000000000000000e+00
9.730000000000000000e+02 0.000000000000000000e+00
9.740000000000000000e+02 0.000000000000000000e+00
1.020000000000000000e+03 0.000000000000000000e+00