Channel wavelength width  T_H2O    T_O3      T_NO2
O1      400         15    0.9988   0.9998    0.9879
O2      412.5       10    0.9998   0.9994    0.9882
O3      442.5       10    0.9976   0.9956    0.9905
O4      490         10    0.9991   0.9759    0.9943
O5      510         10    0.9907   0.9531    0.9958
O6      560         10    0.9997   0.8860    0.9986
O7      620         10    0.9999   0.8796    0.9995
O8      665         10    0.9950   0.9398    0.9999
O9      673.75      7.5   0.9999   0.9498    0.9999
O10     681.25      7.5   0.9977   0.9561    0.9999
O11     708.75      10    0.9262   0.9736    0.9999
        708.75–1    10    0.9212   0.9737    0.9999
        708.75+1    10    0.9307   0.9737    0.9999
O12     753.75      7.5   0.9991   0.9849    0.9999
O13     761.25      2.5   1.0      0.9873    0.9999
O14     764.375     3.75  1.0      0.9876    1.0
O15     767.5       2.5   1.0      0.9878    1.0
O16     778.75      15    0.9974   0.9882    1.0
O17     865         20    0.9957   1.0       1.0
O18     885         10    0.9798   1.0       1.0
O19     900         10    0.6830   1.0       1.0
O20     940         20    0.3339   1.0       1.0
O21     1020        40    0.981    1.0       1.0